31[object count]
222
700
100
100
0
100
1820
100
22[platform count]
6
344
50
0
0
100 800
1476 800
444 625
1132 625
788 -3200
1476 -9000
1[r]
344
50
0
1
788 350
1[r]
122
50
0
1
1010 -50
5[r]
30
50
0
0
1132 -500
1790 -5100
1790 -5500
100 -6500
100 -7000
5[r]
30
50
2
0
100 -900
100 -1300
100 -1700
100 -2200
100 -2700
1[r]
60
50
0
1
930 -6000
2[r]
60
50
1
1
100 -7500
1760 -8000
1[r]
30
50
1
1
100 -8500
4[trap count]
2
1
50
0
-3500
-4300
2[r]
0
50
128
-3900
-4700
1[barrier count]
1
910
100
500
-450
0[enemy count]
1[exit count]
1
1548
200
400
-9400
18
0[hint count]
