23[object count]
910
700
100
100
0
100
1820
100
19[platform count]
3
344
50
0
0
788 800
1132 550
100 200
4[r]
344
50
0
1
1476 0
444 -2000
1132 -2400
444 -2800
2[r]
344
50
1
0
100 -300
1132 -3300
3[r]
30
50
0
0
1289 -550
945 -850
1289 -1250
2[r]
30
50
1
0
100 -1500
1289 -1800
2[r]
344
50
1
1
100 -3600
1476 -4000
2[r]
60
50
1
1
100 -4200
1476 -4500
1[r]
1032
50
0
0
444 -4700
0[trap count]
0[barrier count]
0[enemy count]
1[exit count]
1
860
200
400
-5100
8
0[hint count]
