41[object count]
945
770
30
30
0
100
1820
100
24[platform count]
2
344
50
0
0
788 800
788 -50
8[r]
60
50
0
1
1132 500
930 -600
930 -1100
930 -1600
1760 -5700
100 -9200
100 -9600
100 -10100
6[r]
60
50
1
0
1760 -2000
100 -2500
1760 -3000
100 -3500
1760 -4000
100 -4500
5[r]
30
50
0
0
1790 -5000
1232 -5300
945 -7700
1132 -8200
1476 -8700
2[r]
344
50
0
1
100 -7200
788 -9000
1[r]
1032
50
0
0
444 -10600
2[trap count]
1
0
50
0
-6200
1[r]
1
50
128
-6700
3[barrier count]
1
910
100
500
-350
1[r]
1132
100
500
-5450
1[r]
310
100
1100
-10300
7[enemy count]
7
50
50
0
935 -650
935 -1150
935 -1650
935 -2550
935 -7750
1122 -8250
1466 -8750
1[exit count]
1
860
200
400
-11000
21
1[hint count]
60
You must be getting close to
the cause of your shrinking!
700
600
