29[object count]
945
770
30
30
0
100
1820
100
16[platform count]
1
344
50
0
0
788 800
6[r]
30
50
0
0
444 500
1446 500
1790 -2500
1790 -3000
100 -4000
100 -4500
3[r]
344
50
0
1
788 0
1132 -500
444 -1000
2[r]
344
50
1
0
100 -1500
1476 -2000
2[r]
60
50
0
1
1132 -3500
444 -5000
1[r]
30
50
0
1
1790 -5500
1[r]
1032
50
0
0
444 -6000
0[trap count]
0[barrier count]
7[enemy count]
2
50
50
128
247 -150
1673 -150
4[r]
50
50
0
663 750
1257 750
1770 -3050
100 -4550
1[r]
500
500
128
710 -5950
1[exit count]
1
860
200
400
-6400
22
2[hint count]
64
                He is here!
The devious Hexagon Boss is here!
650
600
42
Exit the level to beat the Hexagon Boss!
600
-6500
