38[object count]
910
700
100
100
0
100
1820
100
27[platform count]
9
344
50
0
0
788 800
444 625
1132 625
100 450
788 450
1476 450
1476 -5500
788 -6000
100 -6500
10[r]
30
50
0
0
945 -300
1289 -650
1633 -1000
100 -1525
100 -2100
601 -2600
748 -7000
945 -7500
1690 -8000
1132 -8550
1[r]
344
50
0
1
1476 -1800
4[r]
60
50
0
1
930 -2900
1132 -3300
444 -3800
930 -4300
2[r]
60
50
1
1
100 -4500
1660 -5000
1[r]
688
50
0
0
100 -9050
2[trap count]
1
0
50
0
50
1[r]
1
50
0
50
1[barrier count]
1
910
100
500
-2750
4[enemy count]
2
50
50
128
738 -6950
1132 -6950
2[r]
50
50
0
935 -6050
1122 -7476
1[exit count]
1
344
200
400
-9450
17
0[hint count]
