37[object count]
945
720
30
80
0
100
1820
100
23[platform count]
2
344
50
0
0
788 800
444 -8200
2[r]
840
50
0
0
100 500
980 500
1[r]
1620
50
0
0
150 100
8[r]
30
50
0
0
945 -300
1132 -600
945 -900
1132 -1200
1446 -1500
1446 -2000
1132 -2550
444 -2900
3[r]
60
50
1
0
100 -3300
1790 -3700
100 -4200
7[r]
60
50
1
1
1446 -4700
444 -5200
1446 -5700
444 -6200
444 -6700
1446 -7200
1446 -7700
6[trap count]
4
1
50
0
-1605
-1705
-1805
-1905
1[r]
1
50
128
-2075
1
0
50
0
-2975
1[barrier count]
1
788
150
1000
-9100
2[enemy count]
2
50
50
0
100 450
1770 450
1[exit count]
1
516
200
400
-8600
20
1[hint count]
20
You are shrinking!
800
600
