41[object count]
910
700
100
100
0
100
1820
100
22[platform count]
4
344
50
0
0
788 800
1476 -1100
882 -2800
788 -7800
4[r]
344
50
1
0
100 500
1476 200
100 -100
100 -1500
2[r]
344
50
1
1
1486 -400
100 -800
4[r]
30
50
0
0
758 -2000
1132 -2400
728 -3300
444 -3800
2[r]
344
50
0
1
1476 -4200
788 -7000
5[r]
30
50
1
0
100 -4600
1476 -5000
100 -5500
1132 -6000
100 -6500
1[r]
1032
50
0
0
444 -9600
10[trap count]
4
1
50
0
-4275
-7425
-8200
-8800
2[r]
1
50
128
-8500
-9100
2[r]
0
50
0
-8200
-8800
2[r]
0
50
128
-8500
-9100
2[barrier count]
2
1226
100
400
-1325
-3000
1[enemy count]
1
50
50
128
935
-2750
2[exit count]
2
860
200
400
-8200
16
-10000
19
1[hint count]
13
To level 19
870
-10100
