26[object count]
910
700
100
100
0
100
1820
100
17[platform count]
3
344
50
0
0
788 800
1476 -3000
1476 -5100
5[r]
344
50
0
1
1132 650
100 -150
788 -2300
444 -3500
1132 -4000
1[r]
344
50
2
0
100 200
3[r]
30
50
0
0
1446 -400
1102 -700
444 -2800
4[r]
30
50
1
0
0 -1100
1476 -1500
0 -1900
1476 -4250
1[r]
344
50
1
1
100 -4700
2[trap count]
1
1
50
0
-475
1[r]
0
50
0
-2875
2[barrier count]
1
910
100
500
-1950
1[r]
1132
100
400
-3325
1[enemy count]
1
50
50
128
935 -4012
1[exit count]
1
1548
200
400
-5500
15
0[hint count]
